1722870542862 85.0 0
1722870542864 74.0 0
1722870542865 4.0 0
1722870542867 16.0 0
1722870542869 79.0 0
1722870542870 9.0 0
1722870542871 88.0 0
1722870542872 37.0 0
1722870542874 13.0 0
1722870542876 51.0 0
1722870542877 47.0 0
1722870542878 52.0 0
1722870542880 49.0 0
1722870542881 24.0 0
1722870542883 33.0 0
1722870542884 31.0 0
1722870542885 67.0 0
1722870542887 96.0 0
1722870542888 51.0 0
1722870542889 79.0 0
1722870542891 52.0 0
1722870542892 6.0 0
1722870542894 72.0 0
1722870542895 66.0 0
1722870542896 88.0 0
1722870542898 91.0 0
1722870542900 27.0 0
1722870542901 56.0 0
1722870542902 33.0 0
1722870542903 52.0 0
1722870542905 65.0 0
1722870542906 27.0 0
1722870542908 41.0 0
1722870542909 46.0 0
1722870542911 42.0 0
1722870542912 15.0 0
1722870542913 38.0 0
1722870542915 56.0 0
1722870542916 98.0 0
1722870542917 31.0 0
1722870542919 23.0 0
1722870542920 55.0 0
1722870542921 62.0 0
1722870542923 46.0 0
1722870542924 2.0 0
1722870542926 38.0 0
1722870542927 86.0 0
1722870542928 78.0 0
1722870542930 37.0 0
1722870542932 74.0 0
1722870542934 14.0 0
1722870542935 59.0 0
1722870542936 48.0 0
1722870542939 49.0 0
1722870542940 37.0 0
1722870542942 13.0 0
1722870542943 48.0 0
1722870542945 33.0 0
1722870542948 61.0 0
1722870542951 17.0 0
1722870542952 18.0 0
1722870542954 40.0 0
1722870542956 27.0 0
1722870542957 98.0 0
1722870542959 59.0 0
1722870542960 31.0 0
1722870542962 27.0 0
1722870542963 21.0 0
1722870542965 87.0 0
1722870542966 3.0 0
1722870542967 69.0 0
1722870542969 69.0 0
1722870542970 26.0 0
1722870542972 61.0 0
1722870542973 76.0 0
1722870542974 62.0 0
1722870542975 5.0 0
1722870542977 86.0 0
1722870542978 43.0 0
1722870542980 90.0 0
1722870542981 71.0 0
1722870542982 17.0 0
1722870542984 78.0 0
1722870542985 4.0 0
1722870542987 67.0 0
1722870542988 1.0 0
1722870542990 76.0 0
1722870542992 9.0 0
1722870542994 57.0 0
1722870542996 10.0 0
1722870542997 92.0 0
1722870542998 17.0 0
1722870543000 55.0 0
1722870543002 60.0 0
1722870543004 58.0 0
1722870543005 3.0 0
1722870543007 64.0 0
1722870543008 87.0 0
1722870543010 61.0 0
1722870543012 21.0 0
1722870543014 1.0 0
1722870543015 26.0 0
1722870543017 16.0 0
1722870543019 92.0 0
1722870543020 95.0 0
1722870543022 9.0 0
1722870543024 33.0 0
1722870543026 11.0 0
1722870543028 9.0 0
1722870543030 49.0 0
1722870543031 58.0 0
1722870543033 91.0 0
1722870543035 50.0 0
1722870543037 99.0 0
1722870543039 37.0 0
1722870543041 58.0 0
1722870543042 39.0 0
1722870543044 93.0 0
1722870543046 93.0 0
1722870543048 9.0 0
1722870543050 12.0 0
1722870543051 91.0 0
1722870543053 65.0 0
1722870543055 37.0 0
1722870543056 71.0 0
1722870543059 21.0 0
1722870543061 50.0 0
1722870543063 95.0 0
1722870543065 28.0 0
1722870543066 88.0 0
1722870543068 79.0 0
1722870543070 55.0 0
1722870543071 36.0 0
1722870543073 4.0 0
1722870543075 78.0 0
1722870543076 23.0 0
1722870543078 84.0 0
1722870543079 9.0 0
1722870543081 87.0 0
1722870543083 60.0 0
1722870543085 8.0 0
1722870543086 54.0 0
1722870543088 92.0 0
1722870543089 82.0 0
1722870543091 16.0 0
1722870543093 52.0 0
1722870543096 32.0 0
1722870543097 2.0 0
1722870543099 21.0 0
1722870543100 94.0 0
1722870543101 49.0 0
1722870543103 21.0 0
1722870543104 15.0 0
1722870543105 17.0 0
1722870543107 35.0 0
1722870543108 99.0 0
1722870543109 82.0 0
1722870543111 6.0 0
1722870543112 46.0 0
1722870543113 66.0 0
1722870543115 74.0 0
1722870543116 91.0 0
1722870543117 43.0 0
1722870543119 19.0 0
1722870543120 22.0 0
1722870543121 59.0 0
1722870543122 87.0 0
1722870543123 78.0 0
1722870543125 32.0 0
1722870543126 70.0 0
1722870543127 44.0 0
1722870543129 61.0 0
1722870543130 6.0 0
1722870543132 63.0 0
1722870543133 43.0 0
1722870543135 37.0 0
1722870543136 85.0 0
1722870543138 91.0 0
1722870543140 7.0 0
1722870543142 22.0 0
1722870543143 72.0 0
1722870543144 99.0 0
1722870543146 55.0 0
1722870543147 29.0 0
1722870543149 90.0 0
1722870543150 0.0 0
1722870543151 61.0 0
1722870543153 12.0 0
1722870543154 92.0 0
1722870543155 59.0 0
1722870543157 46.0 0
1722870543158 55.0 0
1722870543159 74.0 0
1722870543161 35.0 0
1722870543163 99.0 0
1722870543165 19.0 0
1722870543167 68.0 0
1722870543169 94.0 0
1722870543172 55.0 0
1722870543174 71.0 0
1722870543176 21.0 0
1722870543177 21.0 0
1722870543179 8.0 0
1722870543181 53.0 0
1722870543182 28.0 0
1722870543184 90.0 0
1722870543186 49.0 0
1722870543188 9.0 0
1722870543190 10.0 0
1722870543191 50.0 0
1722870543193 81.0 0
1722870543194 32.0 0
1722870543197 39.0 0
1722870543199 61.0 0
1722870543201 93.0 0
1722870543205 57.0 0
1722870543208 24.0 0
1722870543210 99.0 0
1722870543213 6.0 0
1722870543214 1.0 0
1722870543215 12.0 0
1722870543217 81.0 0
1722870543218 29.0 0
1722870543220 10.0 0
1722870543221 12.0 0
1722870543222 44.0 0
1722870543224 88.0 0
1722870543225 87.0 0
1722870543226 22.0 0
1722870543227 72.0 0
1722870543229 60.0 0
1722870543230 73.0 0
1722870543232 78.0 0
1722870543234 65.0 0
1722870543235 80.0 0
1722870543237 47.0 0
1722870543238 81.0 0
1722870543240 56.0 0
1722870543241 13.0 0
1722870543243 67.0 0
1722870543245 23.0 0
1722870543246 44.0 0
1722870543248 61.0 0
1722870543249 59.0 0
1722870543251 30.0 0
1722870543252 12.0 0
1722870543253 66.0 0
1722870543254 29.0 0
1722870543256 14.0 0
1722870543258 33.0 0
1722870543259 66.0 0
1722870543260 63.0 0
1722870543262 78.0 0
1722870543263 76.0 0
1722870543264 39.0 0
1722870543265 98.0 0
1722870543267 6.0 0
1722870543268 19.0 0
1722870543270 90.0 0
1722870543271 80.0 0
1722870543272 34.0 0
1722870543273 99.0 0
1722870543275 40.0 0
1722870543276 15.0 0
1722870543277 64.0 0
1722870543278 42.0 0
1722870543280 13.0 0
1722870543282 9.0 0
1722870543283 71.0 0
1722870543284 6.0 0
1722870543286 89.0 0
1722870543287 68.0 0
1722870543288 96.0 0
1722870543289 79.0 0
1722870543291 2.0 0
1722870543292 20.0 0
1722870543293 62.0 0
1722870543295 69.0 0
1722870543296 70.0 0
1722870543297 52.0 0
1722870543299 74.0 0
1722870543300 64.0 0
1722870543301 62.0 0
1722870543302 95.0 0
1722870543303 33.0 0
1722870543305 60.0 0
1722870543306 79.0 0
1722870543308 64.0 0
1722870543309 4.0 0
1722870543310 42.0 0
1722870543311 90.0 0
1722870543312 7.0 0
1722870543314 38.0 0
1722870543315 18.0 0
1722870543316 26.0 0
1722870543318 53.0 0
1722870543319 60.0 0
1722870543320 35.0 0
1722870543322 8.0 0
1722870543323 82.0 0
1722870543324 44.0 0
1722870543325 66.0 0
1722870543326 80.0 0
1722870543328 69.0 0
1722870543329 16.0 0
1722870543331 41.0 0
1722870543332 28.0 0
1722870543333 98.0 0
1722870543334 73.0 0
1722870543336 72.0 0
1722870543337 12.0 0
1722870543338 20.0 0
1722870543339 97.0 0
1722870543341 56.0 0
1722870543342 69.0 0
1722870543343 66.0 0
1722870543344 27.0 0
1722870543346 36.0 0
1722870543347 40.0 0
1722870543348 37.0 0
1722870543350 21.0 0
1722870543352 7.0 0
1722870543353 95.0 0
1722870543355 91.0 0
1722870543356 99.0 0
1722870543358 82.0 0
1722870543359 83.0 0
1722870543360 36.0 0
1722870543362 85.0 0
1722870543364 61.0 0
1722870543367 88.0 0
1722870543369 2.0 0
1722870543370 4.0 0
1722870543372 1.0 0
1722870543373 11.0 0
1722870543375 85.0 0
1722870543376 48.0 0
1722870543378 88.0 0
1722870543379 28.0 0
1722870543380 53.0 0
1722870543382 64.0 0
1722870543383 50.0 0
1722870543384 25.0 0
1722870543385 8.0 0
1722870543387 33.0 0
1722870543388 49.0 0
1722870543389 0.0 0
1722870543390 97.0 0
1722870543392 97.0 0
1722870543393 90.0 0
1722870543394 29.0 0
1722870543396 13.0 0
1722870543397 97.0 0
1722870543398 62.0 0
1722870543400 59.0 0
1722870543401 34.0 0
1722870543402 44.0 0
1722870543403 0.0 0
1722870543404 83.0 0
1722870543406 29.0 0
1722870543408 10.0 0
1722870543409 64.0 0
1722870543410 74.0 0
1722870543412 87.0 0
1722870543414 9.0 0
1722870543416 19.0 0
1722870543417 57.0 0
1722870543419 23.0 0
1722870543420 30.0 0
1722870543422 21.0 0
1722870543423 17.0 0
1722870543425 48.0 0
1722870543426 88.0 0
1722870543427 10.0 0
1722870543428 97.0 0
1722870543429 16.0 0
1722870543431 27.0 0
1722870543433 87.0 0
1722870543434 1.0 0
1722870543435 70.0 0
1722870543437 37.0 0
1722870543438 99.0 0
1722870543440 65.0 0
1722870543441 26.0 0
1722870543442 18.0 0
1722870543443 22.0 0
1722870543446 17.0 0
1722870543448 86.0 0
1722870543449 12.0 0
1722870543451 30.0 0
1722870543452 54.0 0
1722870543453 34.0 0
1722870543455 9.0 0
1722870543456 67.0 0
1722870543458 63.0 0
1722870543459 19.0 0
1722870543460 43.0 0
1722870543461 9.0 0
1722870543463 25.0 0
1722870543464 16.0 0
